100 100
35 7 71 42 49 3 96 35 13 87 81 82 76 67 89 73 46 92 94 42 24 32 17 59 69 19 76 92 90 9 95 26 16 66 68 17 22 64 4 35 51 85 70 80 52 59 5 51 51 51 45 28 36 62 39 5 33 15 97 24 24 44 2 92 11 70 61 85 86 65 20 90 2 42 70 54 2 27 57 5 78 3 85 14 17 24 20 3 39 69 79 15 14 81 59 77 3 20 62 89 
85 34 31 39 77 53 46 31 80 3 88 11 58 74 77 28 98 49 31 90 19 62 57 85 43 17 62 98 37 76 39 75 62 71 66 91 76 12 22 57 16 11 20 26 37 97 54 35 47 37 77 18 51 35 3 46 4 17 44 93 45 84 20 7 7 87 99 83 99 73 92 67 36 64 94 73 14 0 61 13 90 90 31 41 25 86 40 81 55 84 75 0 20 95 7 79 82 58 15 82 
84 59 1 20 24 95 46 38 48 59 51 90 49 34 83 27 20 23 8 75 60 83 27 80 31 86 12 13 45 27 47 81 86 1 53 10 48 99 0 96 10 3 86 60 37 22 39 9 45 47 84 5 83 11 38 66 98 2 31 95 29 79 28 15 80 81 78 80 33 30 77 43 34 15 55 71 37 94 81 35 94 17 92 77 81 82 43 31 84 74 78 13 5 6 81 37 87 11 18 20 
41 47 16 75 14 71 99 4 66 32 39 60 1 31 89 34 14 32 65 50 58 95 64 16 1 97 5 41 8 75 13 1 22 29 29 89 1 28 93 67 12 32 27 13 15 68 48 81 52 65 32 10 13 48 78 14 45 36 7 5 11 21 6 86 2 35 75 3 15 68 70 79 0 49 45 67 17 45 49 69 10 33 32 23 81 62 90 78 98 49 83 10 22 41 48 25 29 23 28 96 
91 51 76 43 52 21 62 22 66 11 43 28 96 75 4 77 90 46 7 88 95 90 50 18 84 98 43 13 73 23 9 16 74 85 11 27 58 74 1 24 37 44 53 34 20 9 11 62 55 19 2 50 61 53 20 45 3 63 10 29 87 20 45 13 57 57 92 68 31 93 92 68 38 97 54 10 6 18 72 61 89 74 64 50 79 84 48 35 48 58 64 87 30 9 52 40 18 45 8 1 
38 0 22 28 50 76 38 8 94 62 70 83 37 34 86 68 18 34 3 18 44 67 57 27 29 10 67 99 55 75 1 45 27 23 74 29 51 12 38 98 27 8 81 64 94 19 84 64 5 88 35 50 7 92 29 36 54 96 36 61 23 89 7 2 64 33 32 15 97 70 13 24 30 47 40 76 18 25 92 24 13 27 26 72 72 55 9 78 3 97 40 26 38 47 80 2 32 12 69 29 
34 35 54 16 82 94 44 0 19 37 76 84 16 2 57 88 9 18 67 12 67 59 90 5 58 71 59 90 35 28 19 22 63 73 38 97 20 83 98 91 72 26 28 88 29 85 29 38 55 96 3 74 7 93 31 65 16 90 55 52 18 74 74 82 0 64 79 20 99 29 11 71 56 39 60 37 76 89 27 83 37 82 57 44 76 88 9 44 30 64 48 49 90 74 83 90 39 14 10 90 
96 74 62 4 13 74 93 42 15 20 25 4 3 35 48 31 75 9 27 6 25 76 7 67 2 42 58 93 56 20 84 4 94 98 8 8 72 53 50 87 74 27 43 29 62 91 12 38 52 91 44 29 67 3 96 22 45 54 15 1 27 99 58 21 97 18 81 21 72 83 60 98 11 3 27 73 46 91 63 98 82 59 79 2 62 76 24 7 82 39 61 9 91 71 83 88 89 64 62 61 
48 22 59 11 26 38 84 72 81 0 23 64 59 2 18 74 30 94 33 65 85 46 26 76 17 9 17 7 26 79 20 74 1 80 37 79 70 21 4 52 73 27 68 85 81 86 59 64 32 44 29 17 91 7 46 8 69 63 67 95 94 88 21 47 20 58 27 90 31 31 42 57 10 10 42 91 48 53 55 80 97 36 50 88 96 96 49 65 59 68 12 5 8 85 52 28 95 79 71 78 
62 13 35 72 76 29 16 76 82 23 9 32 12 59 72 8 55 73 25 66 42 89 71 50 26 75 31 21 7 2 51 69 67 39 94 43 68 10 72 3 33 81 35 45 40 59 5 47 33 82 65 75 71 88 77 97 63 8 70 70 10 22 92 78 13 86 73 81 96 97 36 81 78 23 79 70 83 84 69 16 67 34 43 90 22 20 88 38 81 10 8 91 84 0 21 97 38 47 31 34 
44 67 68 75 91 47 45 26 83 15 94 2 1 37 93 76 9 33 14 90 43 74 34 28 27 7 25 65 54 56 52 51 76 72 26 19 19 71 45 54 38 39 57 40 28 2 68 89 35 82 32 30 8 18 10 87 25 88 5 80 44 57 31 72 81 57 91 52 80 88 6 71 79 15 11 7 17 31 49 4 65 81 87 73 99 97 61 76 37 18 8 34 75 91 6 8 0 98 60 81 
38 66 52 18 82 15 77 51 46 26 8 11 59 47 36 10 96 49 87 34 67 95 68 94 87 26 2 87 76 62 20 15 29 24 33 63 39 10 66 37 37 26 48 48 25 37 59 22 86 98 8 54 93 28 0 32 54 3 72 31 65 44 46 46 69 79 61 8 89 80 46 78 6 46 79 32 35 38 6 22 88 66 28 33 94 28 18 48 83 90 79 49 34 25 47 3 56 9 64 98 
89 62 28 47 60 7 31 96 97 89 18 85 55 98 71 49 78 89 98 62 79 29 63 65 55 62 21 63 71 85 61 12 47 42 12 7 1 43 55 99 85 73 36 40 23 7 90 2 48 40 16 27 69 79 45 76 41 66 40 65 51 53 29 50 47 41 9 49 37 65 48 22 90 36 14 66 96 56 68 44 96 36 24 18 15 69 94 8 87 86 25 90 92 55 40 39 48 1 88 37 
18 88 11 9 77 26 75 73 82 95 69 31 31 93 49 98 14 43 58 1 30 84 91 74 39 83 13 39 37 54 77 55 42 88 16 71 14 91 44 49 38 14 80 21 59 29 19 74 24 78 75 6 62 19 80 53 54 94 92 91 0 21 47 94 10 63 66 76 7 10 25 97 76 57 19 36 86 90 62 11 68 89 69 82 8 50 87 15 96 32 6 96 53 5 90 15 21 56 92 80 
19 69 77 95 27 48 83 65 39 45 76 7 35 98 42 95 48 29 10 96 61 69 92 67 74 34 82 47 43 74 27 62 44 57 9 23 5 45 88 44 42 17 4 29 15 46 25 63 27 87 59 41 8 3 60 35 89 42 82 32 69 62 46 65 19 56 88 24 53 76 69 95 93 25 25 8 23 2 23 50 41 34 43 50 37 3 37 27 98 19 11 67 81 58 32 52 66 20 77 19 
96 98 66 42 23 91 50 46 45 74 48 87 8 44 89 98 99 26 77 97 97 88 64 31 98 48 83 64 20 60 35 69 10 2 11 33 45 61 31 91 87 80 78 48 76 67 98 75 45 75 73 42 15 89 73 14 90 9 30 10 69 66 79 32 68 90 65 13 4 97 56 43 29 34 43 5 53 41 80 98 68 5 41 36 47 66 50 37 75 32 47 97 98 27 29 18 69 46 84 73 
43 40 17 24 27 60 29 80 54 62 31 74 19 24 10 66 90 12 3 18 45 51 67 95 30 96 14 99 94 50 73 90 90 42 14 17 54 96 50 60 10 81 35 29 5 45 96 47 10 51 17 55 2 84 50 32 32 16 84 27 66 9 17 57 51 31 26 57 79 76 18 89 9 5 19 66 50 67 14 60 18 83 67 73 68 18 57 0 34 41 27 1 50 96 10 53 80 36 11 59 
65 81 49 26 86 20 93 88 39 59 1 9 42 68 34 10 86 92 63 73 85 42 26 88 39 36 93 19 24 56 30 41 37 31 68 75 51 61 64 42 72 65 52 14 85 86 77 24 30 92 97 68 34 75 8 25 11 1 96 87 58 27 29 47 58 97 23 62 10 39 56 82 56 60 48 41 47 25 65 29 69 14 49 4 89 57 81 52 59 78 40 69 57 21 16 67 18 91 81 80 
30 38 14 86 98 62 80 97 40 45 79 9 60 28 65 1 86 47 54 97 77 46 66 86 67 82 5 37 74 87 17 56 77 83 43 27 45 23 25 37 20 56 99 32 36 64 34 22 63 88 19 40 34 85 78 53 20 84 90 46 71 7 2 0 90 97 27 87 72 4 77 93 60 76 25 97 40 11 71 56 99 43 48 85 28 27 38 0 11 28 46 34 87 49 34 29 46 61 69 19 
18 46 64 78 22 89 27 14 53 99 70 52 42 19 90 22 46 80 23 9 61 21 95 48 22 29 30 21 42 99 40 60 45 56 91 19 97 18 33 50 17 56 55 11 27 45 34 25 25 9 34 86 82 29 87 5 10 17 26 52 68 18 65 13 74 56 84 71 74 69 22 44 25 29 7 4 74 93 29 51 54 63 90 37 44 77 42 54 46 20 59 14 38 76 79 64 32 63 87 58 
84 61 54 62 90 62 66 64 55 96 68 10 11 58 99 56 35 93 62 81 13 21 95 3 97 74 67 81 89 6 92 73 68 46 35 58 60 2 75 68 98 43 30 9 1 29 17 36 22 80 69 87 53 16 90 3 42 9 84 31 15 28 56 83 75 92 94 87 46 69 55 96 12 85 57 13 14 75 1 88 7 22 75 12 38 17 15 32 26 52 63 42 80 71 77 7 15 71 95 61 
40 2 9 4 88 67 69 54 94 70 43 1 44 70 13 34 88 81 66 14 33 81 8 65 53 38 73 68 9 20 82 2 22 91 6 62 58 76 17 4 98 12 57 43 82 23 77 22 4 44 89 89 25 97 54 30 87 79 99 97 99 81 51 22 24 9 84 83 85 53 39 36 65 97 31 0 20 8 22 24 4 11 65 82 61 19 64 48 99 63 97 50 96 0 24 21 10 61 56 95 
14 95 83 32 92 14 84 64 75 58 40 79 70 5 13 83 77 78 83 28 93 33 78 42 33 3 63 43 16 71 91 82 66 74 14 11 89 50 27 64 9 68 95 31 73 61 14 50 91 49 78 36 82 9 78 16 12 93 59 80 64 50 62 83 77 77 46 18 27 73 82 36 41 29 67 15 42 33 17 33 83 48 70 65 57 48 33 21 94 45 1 58 47 63 93 24 92 39 42 72 
13 76 60 54 58 80 21 0 13 91 86 48 39 8 66 48 8 99 69 2 44 70 61 92 85 54 68 78 46 63 2 59 39 62 65 97 42 39 50 8 30 88 56 21 96 74 69 4 74 38 7 70 60 20 14 97 26 35 75 72 98 29 83 89 92 49 39 34 88 89 42 70 77 51 91 25 25 60 29 51 50 88 74 62 60 40 59 87 75 87 11 25 16 95 15 8 44 54 95 84 
95 89 54 24 92 45 49 70 57 78 21 7 19 47 21 79 40 80 18 67 19 30 93 36 25 60 96 69 14 43 53 61 33 7 85 25 4 34 95 61 64 69 20 83 68 41 15 8 73 33 28 93 63 21 81 88 33 29 9 47 25 14 8 58 73 45 35 77 79 83 90 43 4 62 79 72 3 94 33 29 79 61 74 43 34 7 83 67 88 93 66 13 59 26 71 33 71 59 62 50 
42 5 45 98 67 76 70 23 22 55 4 2 16 78 45 2 37 80 69 25 25 87 39 85 13 62 70 84 73 84 86 67 89 84 65 57 60 36 32 83 91 36 85 60 66 82 62 3 14 84 28 40 71 19 25 85 34 47 21 7 31 60 75 21 44 40 30 56 28 14 91 72 50 28 32 16 10 46 71 25 30 99 17 54 71 94 91 5 41 12 12 72 24 39 45 68 80 27 77 60 
41 68 32 43 97 16 59 59 63 30 36 45 82 53 99 53 47 90 10 40 55 22 13 79 62 10 0 94 38 77 54 31 97 39 75 46 55 86 6 70 69 94 16 3 0 67 56 99 58 66 40 65 40 5 44 54 15 96 0 5 25 55 37 75 46 64 21 1 50 79 24 71 74 40 74 26 59 82 25 69 0 65 34 93 22 31 47 38 79 48 95 5 55 84 80 53 48 1 54 51 
33 30 22 59 22 49 85 82 31 10 51 84 28 38 77 50 69 24 40 48 24 36 5 31 20 37 84 21 39 91 72 24 21 46 83 44 47 68 78 79 30 29 15 58 19 92 9 40 68 49 41 45 37 46 76 58 84 13 31 75 4 3 99 77 1 82 73 49 2 51 80 32 33 95 91 52 39 52 93 7 53 34 52 43 80 81 53 16 94 84 91 50 39 42 27 40 76 1 41 78 
4 21 63 37 68 54 90 59 58 83 67 63 17 71 6 49 4 59 66 50 43 9 0 82 4 80 75 80 33 16 11 37 90 74 75 10 80 65 70 38 0 89 53 69 12 60 18 17 71 36 19 67 98 20 1 2 52 76 82 37 45 93 74 87 19 1 49 99 18 71 89 18 60 43 39 73 55 58 42 26 46 61 93 96 33 95 98 37 23 33 74 20 78 1 7 98 2 9 49 73 
80 39 91 41 82 31 66 37 41 60 15 39 21 9 36 7 56 86 44 79 71 19 0 50 72 59 0 74 20 49 47 1 88 91 94 22 74 60 59 67 20 75 6 93 36 94 0 92 81 45 23 52 16 75 54 88 87 6 14 7 56 14 8 96 57 2 19 31 14 30 98 86 57 56 80 93 51 32 37 84 29 13 88 45 88 95 85 75 1 52 83 9 66 43 6 23 98 77 6 12 
7 4 99 17 12 31 62 15 63 52 51 93 65 40 90 53 87 76 81 88 80 16 98 46 59 56 21 9 33 27 22 92 83 21 61 95 52 24 63 67 76 14 60 93 6 51 98 93 79 79 82 59 47 32 57 59 88 78 68 21 5 90 65 88 63 27 35 67 3 98 35 79 65 47 72 71 98 70 65 29 2 99 88 49 31 97 8 71 75 77 44 32 19 9 72 35 88 8 2 91 
58 89 22 23 37 46 95 87 69 12 17 71 11 57 72 94 55 33 65 30 62 61 15 81 70 87 16 11 95 71 2 54 60 25 29 97 71 76 85 40 88 54 63 51 11 36 97 66 21 14 49 83 75 64 16 98 51 85 9 99 56 63 5 68 88 34 18 12 11 55 4 51 9 68 3 20 56 0 39 29 15 40 12 42 56 80 40 59 17 49 58 25 13 15 94 53 2 12 17 13 
67 22 16 28 42 19 48 50 72 39 79 39 79 43 81 87 23 22 47 41 23 57 66 88 73 12 42 75 24 59 40 43 33 56 23 75 28 24 25 52 63 56 91 95 99 24 82 23 46 81 16 70 39 34 10 12 47 52 39 23 64 79 19 49 87 42 77 67 66 54 19 30 11 10 77 10 35 11 85 33 93 1 55 32 36 66 96 83 70 35 6 86 66 25 36 53 20 65 21 86 
19 92 68 30 55 45 41 42 9 26 75 2 80 83 34 16 1 82 51 71 17 9 10 83 35 98 88 55 63 61 93 82 54 62 65 61 59 58 3 68 84 30 22 16 13 56 84 14 90 35 38 7 45 0 42 32 98 83 39 13 44 32 95 50 46 12 11 6 70 14 26 7 97 49 23 10 57 8 77 48 43 67 7 40 67 50 72 17 33 63 30 29 96 77 80 94 90 43 0 60 
58 79 19 55 28 43 17 37 3 46 85 98 13 93 39 32 95 63 49 80 27 79 9 75 57 41 69 99 85 22 11 95 1 31 2 81 74 71 18 77 18 56 75 83 1 66 16 96 30 65 28 9 97 89 84 6 31 5 5 68 27 16 63 80 47 65 13 73 36 32 2 6 40 30 90 41 96 6 89 78 23 17 87 20 6 23 78 89 29 83 57 8 52 20 41 99 37 54 25 26 
38 27 32 78 57 74 19 6 80 60 84 56 77 24 28 36 99 7 25 80 90 35 89 94 55 30 46 45 84 71 71 23 98 55 53 8 30 73 66 62 85 2 18 15 26 47 51 78 54 28 58 96 63 47 43 71 29 89 68 66 60 39 41 10 46 94 70 76 19 36 91 5 39 9 20 17 8 23 95 14 51 54 63 67 1 6 90 83 95 58 49 55 49 90 17 95 36 88 24 56 
24 15 61 15 76 81 33 85 4 28 51 7 82 14 26 36 20 16 19 15 74 20 22 75 62 92 71 98 80 47 54 56 14 67 24 42 48 57 27 4 37 31 64 72 45 90 8 66 59 79 33 85 99 56 61 13 0 84 11 80 31 66 88 97 33 12 39 34 21 19 90 59 50 6 31 95 97 91 13 8 70 47 93 21 55 54 34 55 38 45 87 21 63 27 70 97 40 10 83 61 
29 73 72 31 32 3 78 29 94 92 89 16 91 82 89 98 89 75 53 79 21 92 1 36 19 71 85 11 33 68 73 14 94 97 45 26 53 24 7 99 68 96 16 59 30 57 57 19 33 62 99 6 54 52 42 25 75 28 37 61 48 62 75 94 59 73 20 12 97 79 12 17 27 80 76 58 37 85 29 70 47 80 76 53 32 71 78 60 51 15 21 99 77 96 94 37 21 66 1 18 
98 65 87 25 45 63 35 35 0 65 57 99 45 86 52 30 57 83 90 8 98 63 59 28 59 5 17 33 72 18 51 70 36 39 47 81 54 83 68 7 0 26 6 45 64 59 75 21 42 17 81 92 80 92 20 92 98 89 25 70 8 28 92 44 19 91 77 26 74 46 33 74 24 39 72 88 50 99 61 44 69 94 89 49 86 9 93 84 51 18 6 59 47 50 55 18 42 84 44 68 
82 77 95 6 69 19 46 19 18 59 16 87 5 5 89 92 66 82 28 17 1 87 28 0 89 83 70 83 20 15 4 2 44 99 61 13 70 59 85 88 19 1 28 24 58 69 68 24 51 49 42 4 88 22 56 29 6 27 13 26 94 17 80 38 68 41 4 38 1 89 78 72 42 58 48 0 27 69 76 31 70 70 35 58 93 44 39 51 71 52 29 65 21 9 55 41 51 59 31 4 
48 10 28 42 20 76 94 0 45 71 31 15 41 18 25 86 62 65 37 85 69 66 50 43 76 6 84 79 17 16 35 18 78 63 60 50 39 55 50 37 78 81 4 71 52 82 58 14 99 95 0 68 62 2 63 90 60 48 21 78 16 56 96 46 19 8 96 10 15 99 99 93 80 56 65 84 38 75 99 89 70 51 9 84 53 73 74 66 73 95 44 41 3 92 87 74 0 35 85 68 
34 36 13 67 92 30 51 82 5 50 71 76 53 81 12 59 54 87 25 79 34 69 20 90 13 7 64 65 94 1 33 29 38 47 96 82 77 99 65 35 2 36 63 55 69 75 14 23 14 39 2 1 60 74 91 73 81 55 91 28 57 24 57 95 23 5 77 53 4 94 88 6 83 3 14 52 78 28 28 93 20 82 94 80 57 37 6 90 92 97 18 49 73 27 96 49 32 26 2 89 
20 42 47 3 45 61 8 75 42 36 20 62 70 66 42 27 3 0 70 96 97 40 97 23 68 94 72 52 20 26 41 92 68 41 48 65 2 56 92 96 44 13 58 66 79 53 46 35 53 16 31 3 56 28 78 24 74 50 29 46 76 22 39 96 63 39 13 18 47 5 14 43 18 73 9 50 26 55 85 31 71 68 86 80 48 64 56 75 14 85 21 42 8 12 38 71 51 3 41 98 
9 56 93 79 29 3 81 7 58 18 90 82 86 77 14 87 41 70 62 8 8 35 50 16 48 41 39 51 44 81 2 5 37 95 85 18 98 18 77 9 37 67 43 75 96 57 62 90 79 76 98 87 64 0 55 64 93 47 15 90 28 17 95 17 65 32 87 63 51 16 24 88 35 19 15 32 28 30 22 8 58 72 47 22 72 55 86 66 2 2 56 82 71 3 51 36 88 38 52 39 
6 28 79 41 48 94 25 28 76 47 36 35 71 36 57 44 91 96 62 93 50 70 75 21 25 26 10 13 16 14 4 22 42 83 15 42 30 41 71 58 40 59 93 12 95 51 8 86 99 22 31 49 92 6 70 69 84 32 83 0 46 39 74 89 75 90 31 5 83 54 63 23 14 9 87 9 12 95 48 11 17 79 60 61 38 30 31 22 63 66 75 9 5 1 50 80 43 34 37 26 
88 53 50 2 62 37 64 74 85 12 85 2 43 97 16 81 27 99 4 42 65 31 4 22 32 54 3 76 40 92 2 29 45 4 83 59 94 47 85 79 11 22 33 55 19 49 36 99 0 92 41 65 75 97 40 8 52 95 36 44 87 90 73 85 95 9 96 41 8 82 72 20 4 5 27 76 7 15 75 7 8 16 25 35 66 65 43 70 60 79 14 99 22 88 84 69 49 81 10 57 
15 82 29 19 87 56 95 46 72 22 6 32 91 31 67 57 48 63 27 8 94 41 59 16 81 44 85 30 77 95 40 92 29 69 63 69 26 11 15 50 33 21 34 24 4 1 33 52 16 60 12 11 2 72 79 35 68 17 66 97 64 6 41 94 27 56 63 53 67 30 55 53 4 89 29 8 43 63 13 11 75 77 22 77 49 54 13 69 71 31 18 35 89 59 29 16 16 44 22 35 
27 77 88 31 19 70 91 14 85 4 25 60 82 48 38 83 54 3 5 25 86 23 12 75 35 94 43 51 38 65 38 65 95 27 48 14 49 40 28 34 96 53 94 78 53 84 14 59 39 19 84 25 94 97 52 29 91 96 32 81 13 71 99 8 50 47 74 99 39 54 85 36 60 79 14 65 64 80 25 3 51 61 81 46 10 33 27 1 29 12 35 95 35 34 55 85 33 30 36 73 
36 21 9 48 0 75 14 16 56 91 72 59 52 53 57 63 86 37 16 68 49 3 15 84 89 70 21 23 52 57 48 89 30 57 89 30 84 3 99 92 46 23 52 51 76 61 14 14 98 82 34 47 38 49 83 27 20 4 2 72 13 50 13 43 59 3 26 44 58 25 88 5 48 92 56 76 54 22 90 52 56 77 0 94 26 35 74 46 40 76 71 53 27 84 49 86 87 75 82 98 
52 71 3 0 63 11 28 69 85 70 22 93 47 74 40 74 9 14 72 1 90 43 7 69 28 56 56 67 31 90 17 83 13 72 35 29 83 63 98 20 33 20 66 81 46 6 7 56 20 79 9 10 23 16 80 3 72 88 22 55 30 40 90 44 12 25 73 48 40 71 20 26 44 86 59 90 92 66 98 64 97 8 27 20 24 59 75 49 47 50 56 29 90 47 73 54 24 98 54 17 
22 75 43 66 13 54 8 58 20 7 22 69 15 49 42 91 8 17 92 7 67 49 37 9 48 10 64 72 9 70 41 31 45 84 49 11 38 57 69 10 16 91 80 83 93 22 75 1 91 19 9 11 20 98 20 68 60 36 93 69 7 86 52 4 71 53 67 61 63 36 24 79 80 4 63 73 78 90 74 21 61 35 32 82 85 5 2 46 41 47 67 0 34 72 57 57 25 24 18 40 
13 42 20 93 98 35 66 28 77 92 50 38 80 34 20 65 39 75 11 81 22 79 33 8 51 90 65 28 67 36 69 80 30 89 73 81 76 91 9 53 83 11 91 63 46 64 29 85 39 92 18 13 71 52 74 74 42 91 3 61 27 72 41 10 13 66 91 89 57 52 42 41 64 85 56 10 1 37 95 92 30 66 6 53 18 32 28 12 23 31 74 3 55 15 13 68 82 56 57 91 
8 51 32 72 88 41 34 90 78 82 82 60 48 40 14 66 24 42 30 48 25 4 3 80 72 68 0 6 24 9 97 84 60 82 57 0 23 43 42 53 77 25 14 25 17 80 43 42 22 74 42 99 30 45 79 2 13 79 8 89 40 58 73 52 40 82 52 15 78 95 68 55 72 34 81 41 14 76 83 88 2 25 87 33 22 18 35 87 49 96 28 89 54 2 41 94 36 46 61 14 
41 81 70 65 16 3 6 82 31 42 71 34 19 10 67 42 29 2 81 30 98 10 20 4 64 13 50 0 59 11 67 52 93 37 69 61 92 28 43 75 70 66 9 89 77 76 83 58 31 65 88 81 27 60 38 91 26 88 91 37 0 58 42 45 47 63 58 91 91 53 67 61 72 28 3 1 5 86 59 88 3 99 21 30 12 59 21 90 48 65 27 0 23 21 97 23 85 7 14 76 
60 33 90 84 62 93 85 19 79 44 59 83 96 80 13 60 40 35 50 40 52 29 92 75 51 89 50 88 48 17 64 60 50 54 45 64 47 30 83 79 27 42 62 23 75 27 35 67 14 85 59 66 14 51 94 17 92 44 5 40 61 70 52 64 76 97 80 76 80 16 55 7 10 69 82 85 96 17 4 63 54 63 29 68 14 23 86 58 20 91 50 81 13 3 97 42 0 30 18 80 
46 25 39 56 94 73 42 42 90 98 5 96 62 35 65 28 10 3 87 30 46 37 64 12 40 61 54 93 91 24 25 37 49 17 46 43 90 40 37 33 38 43 29 0 30 94 29 40 49 68 71 96 5 35 60 98 48 14 43 40 38 68 29 87 85 27 82 28 67 19 61 6 14 90 58 44 37 39 85 38 7 56 86 65 91 46 15 39 60 58 31 50 78 13 37 64 92 71 44 60 
43 5 18 57 47 76 2 84 16 87 75 75 95 61 40 38 8 55 29 68 13 13 19 92 26 8 8 70 32 52 30 75 9 48 84 56 77 86 93 45 25 68 20 72 29 61 10 89 68 40 58 34 53 29 78 31 89 86 1 21 90 84 48 51 84 33 7 61 71 52 6 49 20 79 21 2 40 84 91 60 24 1 94 29 82 72 60 72 10 13 45 52 97 46 3 82 31 11 43 54 
15 2 55 88 81 29 90 73 13 33 33 89 87 80 18 69 52 30 93 15 43 91 67 93 89 71 75 20 34 70 26 49 24 82 37 57 11 79 82 76 65 68 65 52 48 35 73 52 65 67 67 60 10 35 53 99 6 80 71 40 3 97 41 79 31 79 37 42 10 19 70 75 87 35 27 35 70 1 88 87 20 55 48 30 90 53 81 48 86 52 40 89 1 82 68 33 13 57 27 23 
77 98 51 16 85 78 52 56 31 92 43 3 99 43 85 42 49 66 42 35 70 83 76 24 65 96 57 30 54 36 53 83 86 4 99 72 35 3 80 18 47 75 22 99 19 7 41 20 26 83 7 48 66 83 72 83 31 81 13 37 18 19 20 56 75 72 28 10 27 60 81 75 36 3 74 7 62 67 27 40 2 34 89 21 69 61 4 0 43 70 90 13 89 62 69 16 34 50 27 14 
10 8 41 98 63 67 5 77 34 84 18 36 18 7 57 39 20 14 92 63 36 82 28 25 44 50 41 31 0 20 45 62 80 86 61 95 53 18 73 39 3 43 27 73 50 37 13 22 3 5 86 39 39 66 64 35 16 57 66 16 30 63 31 62 1 92 10 6 62 83 97 65 78 25 39 28 62 52 50 65 9 88 4 48 55 20 83 23 29 2 92 11 17 23 74 19 67 36 77 29 
19 75 95 97 0 34 77 14 38 79 31 47 20 87 47 27 59 82 50 40 84 42 52 54 17 78 73 84 14 50 66 85 77 61 34 29 47 63 43 37 94 26 36 14 13 83 41 24 17 44 65 54 38 17 8 56 47 33 92 61 35 58 98 13 71 32 42 70 47 38 59 41 64 95 56 30 30 49 54 48 45 19 54 84 88 62 92 35 95 36 48 82 47 46 95 70 30 90 41 77 
28 52 19 44 48 27 74 30 28 29 78 74 0 84 10 89 46 2 24 93 90 73 76 37 71 23 8 54 13 1 31 93 53 2 38 1 81 12 32 10 41 62 84 42 47 46 83 45 48 7 91 90 32 19 28 56 42 36 10 8 37 93 1 90 48 39 44 29 52 28 39 45 42 75 39 41 21 22 87 21 82 30 12 66 49 40 22 91 28 84 99 17 30 1 59 78 40 3 7 44 
83 99 90 26 74 29 67 48 4 6 21 86 36 33 52 85 25 27 29 5 63 80 22 93 81 82 23 74 37 31 18 21 82 60 99 8 90 66 56 46 25 78 32 61 63 36 99 89 15 28 46 79 8 69 24 42 3 48 68 40 31 38 13 13 99 12 73 41 31 30 87 56 60 19 17 75 7 68 16 23 96 63 2 57 32 78 51 87 26 19 27 57 57 93 22 56 5 96 97 88 
78 36 44 90 55 14 65 63 82 82 38 31 97 92 88 29 70 91 68 97 10 95 6 19 40 81 76 46 29 25 34 59 62 31 49 69 45 66 84 27 0 22 10 97 66 98 78 37 41 46 86 51 94 44 71 34 77 99 32 6 76 19 17 90 50 18 60 95 85 96 74 37 71 85 35 37 35 65 74 77 12 12 80 6 57 3 92 34 54 25 93 31 44 62 21 46 81 33 93 18 
30 67 55 53 4 42 90 92 8 17 21 20 29 1 78 38 57 70 25 11 95 70 42 91 32 16 37 13 1 30 31 83 50 39 36 6 81 79 98 89 96 19 61 77 73 39 16 30 62 93 41 9 63 36 1 95 4 90 61 5 21 44 89 23 83 25 29 17 4 28 58 52 99 20 30 72 11 98 54 25 91 96 35 54 84 88 1 88 78 62 93 51 59 34 74 94 60 56 11 16 
36 22 21 35 94 51 60 5 49 14 83 40 62 18 46 98 6 99 86 36 14 32 88 73 66 14 67 78 22 31 47 58 53 68 46 47 71 6 4 20 72 87 12 87 57 10 85 63 9 24 52 23 56 40 96 74 6 16 5 29 47 52 39 52 72 85 51 43 91 55 15 16 95 27 3 52 89 88 68 98 12 20 74 20 12 70 95 18 38 52 99 37 4 39 89 28 24 40 71 68 
48 86 84 43 65 87 95 54 27 63 4 92 35 78 12 47 1 59 66 39 11 17 77 67 8 18 95 33 11 66 53 59 4 37 54 69 76 1 75 55 17 80 47 52 58 60 0 59 71 18 51 83 87 28 2 96 98 98 29 9 16 34 20 73 23 74 94 99 28 70 6 45 2 54 97 60 66 49 72 37 67 75 72 55 3 27 51 53 25 32 15 93 66 35 18 89 62 13 40 90 
83 98 87 37 52 84 49 70 34 21 8 53 96 32 60 51 59 63 57 36 47 72 82 65 59 0 6 21 13 46 63 48 45 50 85 49 87 87 20 73 60 80 26 9 64 39 60 76 54 69 12 2 41 46 67 1 47 74 74 60 72 38 61 69 40 98 71 27 85 43 0 46 23 79 55 39 18 67 15 24 37 80 26 30 26 46 83 73 72 58 86 96 48 47 18 88 97 89 68 83 
84 68 81 7 47 36 98 17 55 14 42 92 94 20 75 20 18 58 46 90 68 32 39 68 31 57 9 28 98 77 63 82 97 44 41 97 32 39 14 88 5 8 32 99 81 7 72 99 18 18 42 86 50 81 55 81 38 16 61 36 93 25 70 42 21 63 39 54 2 6 42 8 66 74 59 47 82 83 47 0 1 89 38 3 22 45 36 60 61 98 48 6 75 70 49 96 33 88 2 35 
46 44 95 13 71 7 60 5 90 59 57 44 0 95 47 22 93 84 34 6 34 82 13 9 4 14 57 37 54 60 25 1 56 72 14 27 79 26 32 22 86 89 66 38 37 13 61 30 97 95 36 31 30 1 92 86 15 50 24 70 62 49 23 18 21 37 46 53 63 78 75 1 68 93 40 5 6 1 87 56 48 23 39 30 25 32 17 40 34 93 62 96 42 85 14 15 74 60 20 38 
91 95 91 11 88 31 68 47 84 55 3 85 78 42 15 55 26 84 48 60 77 10 56 71 48 23 87 22 35 7 12 26 55 4 37 95 87 5 42 72 60 97 57 91 92 24 98 18 9 46 79 86 9 87 58 57 10 97 31 46 56 44 24 63 0 62 59 87 19 53 11 32 3 68 75 95 93 73 13 54 20 44 40 81 84 50 38 46 99 21 44 56 65 69 19 17 83 30 5 2 
84 16 34 87 37 61 34 82 35 99 36 7 44 28 88 80 79 78 26 78 99 71 86 17 92 6 34 75 36 91 77 72 8 64 11 97 25 45 79 12 45 15 19 41 43 59 73 74 37 99 53 89 22 39 6 14 97 40 41 34 32 19 58 92 35 70 89 12 67 20 25 64 35 96 5 30 8 30 5 97 30 10 86 4 49 44 71 99 85 12 85 69 83 43 13 18 13 54 31 33 
26 8 97 61 56 3 43 64 85 48 62 15 58 0 72 60 45 43 59 82 7 44 51 91 39 16 9 53 22 92 86 48 52 83 61 9 38 4 25 24 53 87 91 63 40 15 23 85 10 34 67 18 78 70 9 18 86 70 23 60 15 61 8 19 96 21 28 87 25 6 63 30 45 54 94 85 22 17 70 32 52 37 50 82 7 11 52 45 34 75 57 49 88 17 68 37 38 49 24 64 
55 87 94 52 93 88 38 15 58 60 0 62 98 2 44 57 14 97 55 48 24 12 49 65 30 69 2 20 18 26 36 25 65 31 78 58 71 68 26 81 28 26 43 78 80 88 88 94 37 43 94 13 7 95 78 89 65 80 10 83 58 46 61 23 29 91 34 53 59 60 34 87 38 78 18 18 18 6 65 7 49 11 20 8 7 51 98 72 31 60 7 90 6 68 65 88 59 99 41 18 
11 27 58 49 57 28 20 27 34 37 34 35 48 7 43 7 58 41 79 89 53 87 31 12 7 97 0 67 48 93 37 60 72 47 61 30 75 81 57 9 70 44 96 71 51 40 78 61 33 10 50 87 49 34 99 56 83 99 23 31 44 13 91 16 12 53 98 88 86 8 49 9 52 46 80 55 38 58 16 71 20 18 58 69 4 57 26 87 8 1 71 4 66 62 73 79 67 71 19 6 
79 68 15 83 66 95 38 4 5 54 28 26 25 86 95 29 96 73 17 56 75 88 13 41 2 86 20 22 57 91 28 89 60 95 72 78 90 11 35 47 17 63 25 94 1 73 24 49 46 93 6 73 33 19 15 35 57 87 9 14 79 37 55 91 84 28 21 74 91 8 74 60 23 99 55 25 72 79 26 71 72 84 44 5 55 11 92 12 99 54 79 30 43 34 73 28 62 94 2 5 
3 28 66 78 28 21 3 52 52 82 23 76 66 68 33 22 79 25 34 30 79 13 12 75 0 85 3 62 32 57 68 87 86 86 65 14 7 21 18 59 3 42 87 69 10 20 91 41 45 78 72 77 43 84 4 43 22 7 58 54 64 78 41 50 64 6 16 23 27 35 34 82 29 21 52 91 41 95 32 38 25 56 67 69 93 71 64 15 78 74 21 43 52 62 45 16 20 14 39 0 
1 73 82 30 46 34 21 87 82 5 26 7 14 93 28 7 65 93 22 95 67 43 90 72 57 88 88 77 2 80 29 55 5 12 37 52 46 10 91 80 15 17 88 29 63 16 36 80 61 10 27 81 5 18 53 14 6 93 44 60 25 73 15 83 85 52 35 84 62 78 64 29 48 52 59 11 21 47 43 34 10 70 15 67 40 20 82 46 14 78 6 91 51 73 74 37 77 61 73 39 
40 37 69 88 42 80 51 63 79 94 97 89 16 65 9 57 85 91 55 51 21 14 95 72 87 69 61 65 31 34 56 71 24 77 11 66 57 62 81 37 8 30 78 76 95 87 85 33 30 41 36 51 55 31 24 94 1 37 11 84 72 68 7 96 45 18 14 55 32 95 92 92 25 70 20 73 10 6 58 40 99 94 44 6 26 20 0 79 57 12 15 81 32 22 29 29 92 43 84 76 
90 76 20 68 99 40 41 61 98 99 53 97 45 97 3 23 17 56 2 27 20 17 8 52 91 38 81 83 33 66 59 24 94 79 92 45 72 85 6 70 36 12 68 81 9 23 5 79 79 59 6 99 29 14 3 20 4 37 56 38 55 67 14 49 99 58 47 71 43 5 41 79 17 61 12 27 85 17 58 16 77 64 68 58 30 71 30 35 8 86 25 63 54 91 65 53 49 12 24 44 
69 17 75 87 31 87 66 68 5 24 84 34 88 4 92 18 76 22 5 36 61 82 52 15 25 17 20 74 81 96 70 50 65 45 89 96 33 55 16 90 79 1 24 19 57 68 90 33 42 47 22 3 82 74 70 7 91 42 82 24 38 4 74 56 50 16 52 83 71 69 25 3 22 49 74 79 69 64 65 63 64 39 67 46 13 89 53 56 32 87 80 22 92 6 78 42 22 83 77 46 
4 2 49 78 3 23 9 72 40 26 35 4 65 54 50 78 96 3 34 80 43 66 54 35 73 85 77 47 68 6 93 24 8 42 2 63 18 11 87 10 38 22 14 3 29 16 34 77 71 68 57 14 35 11 49 60 96 78 7 16 84 1 40 44 95 94 7 65 6 94 75 96 69 89 51 98 57 85 75 29 6 84 43 93 95 93 53 44 71 12 60 8 65 53 52 13 47 60 78 5 
54 54 53 75 95 57 25 53 42 52 34 0 36 77 93 84 70 98 80 94 63 92 2 28 45 54 41 45 66 72 2 73 78 56 48 25 13 74 30 7 26 64 8 63 42 53 99 64 4 79 58 67 71 12 47 69 19 89 14 85 61 16 58 39 24 7 64 37 33 95 97 59 11 57 74 53 10 25 18 66 4 28 85 28 41 33 97 60 22 11 97 35 79 56 26 4 15 42 41 0 
89 90 59 1 47 86 6 10 11 76 76 68 5 62 96 98 47 93 10 69 56 7 56 35 15 34 39 82 28 33 82 18 23 94 71 71 32 77 33 43 54 9 63 11 23 59 61 70 52 71 91 60 30 99 96 98 33 35 80 62 20 15 32 44 61 55 67 93 32 0 88 38 61 52 1 37 11 62 59 16 85 3 76 16 2 72 14 88 60 46 2 80 13 86 76 74 41 95 67 25 
47 56 64 9 8 17 98 19 80 9 87 65 12 16 33 67 40 47 7 0 46 61 33 59 47 61 34 88 57 1 65 4 9 29 65 17 99 63 89 79 25 76 96 37 92 30 56 33 29 63 85 75 24 70 87 71 32 73 11 41 74 77 45 36 58 63 53 57 78 94 88 3 23 85 41 15 15 97 0 44 13 38 72 37 8 59 61 92 32 24 33 58 1 31 94 12 94 0 21 24 
94 10 28 17 95 21 85 62 70 37 58 83 27 30 73 88 41 34 80 25 58 66 84 12 49 30 24 95 82 45 19 29 7 47 98 54 68 35 16 39 73 75 74 0 5 47 40 99 33 73 24 92 39 60 56 40 43 32 35 25 29 54 54 37 54 5 91 74 40 8 65 13 35 40 66 40 39 58 91 73 31 16 65 22 76 73 62 19 5 97 45 34 4 51 71 58 8 63 32 49 
23 98 14 58 90 32 50 29 91 42 2 22 58 19 97 86 92 59 6 97 9 3 32 13 6 55 23 15 70 55 16 93 5 30 3 95 15 6 77 6 48 79 80 58 51 77 44 43 89 2 93 98 5 77 11 64 84 34 79 55 41 47 0 99 77 56 46 92 62 23 50 10 55 83 20 6 12 16 1 1 19 46 99 76 75 62 40 60 48 71 15 90 18 67 89 48 23 35 40 85 
11 43 47 66 26 19 72 38 36 25 92 55 72 91 31 47 6 24 59 54 95 26 96 14 94 37 14 17 73 54 55 36 49 54 2 27 74 26 18 10 51 10 17 75 53 0 75 59 24 86 66 20 13 62 86 7 0 0 76 25 6 83 61 8 38 63 35 64 41 53 74 44 15 43 72 69 43 99 80 68 85 46 40 98 9 26 57 9 78 86 86 36 69 47 44 59 62 32 23 3 
85 49 47 1 92 19 22 36 18 2 4 56 49 44 54 10 22 12 19 52 98 5 88 19 4 85 79 66 17 54 21 54 4 68 55 96 40 29 84 10 32 88 66 33 84 73 43 58 85 14 10 35 71 51 6 75 36 37 93 53 92 14 7 96 34 15 44 74 44 29 37 28 69 3 13 6 28 8 64 65 22 27 0 45 78 59 72 66 96 65 71 88 31 78 36 66 45 33 92 42 
14 29 22 83 85 36 41 13 44 58 79 19 85 31 64 15 90 37 33 39 54 4 27 86 82 16 52 80 1 96 22 15 26 44 50 63 32 92 28 77 2 7 48 39 91 12 6 33 1 39 72 56 43 52 42 77 20 46 57 21 42 31 36 20 76 38 35 60 82 64 89 84 23 37 23 14 50 29 0 51 68 72 7 63 76 1 41 96 99 50 69 94 82 57 14 10 96 50 22 78 
14 12 15 89 49 38 56 99 20 56 3 40 80 62 4 57 64 97 5 15 99 75 9 33 32 24 95 28 26 18 59 92 30 74 81 79 64 37 79 84 45 82 25 26 44 81 83 60 30 40 76 29 15 85 63 0 61 58 28 39 76 39 31 6 65 65 38 30 54 17 14 0 51 91 26 47 24 61 60 54 1 36 36 69 73 51 69 87 9 49 26 38 89 10 96 54 75 34 84 81 
3 51 81 6 94 7 54 19 20 66 25 22 54 61 91 27 12 60 66 74 9 45 12 50 55 60 57 82 47 41 63 2 44 97 9 39 56 15 10 77 81 35 51 35 97 42 14 9 54 81 83 15 26 47 18 33 60 75 15 59 68 30 61 13 27 22 4 84 37 14 13 70 49 64 57 46 58 72 8 64 5 43 79 83 43 97 16 3 72 83 14 41 65 75 6 45 98 10 81 87 
24 94 58 73 58 15 20 68 39 80 32 44 23 63 27 66 61 95 21 85 78 35 78 96 11 84 41 61 46 22 0 70 16 58 96 26 26 16 46 17 48 78 14 71 41 41 38 54 89 59 92 19 47 70 15 58 7 56 71 53 30 71 76 98 82 72 76 60 40 22 77 88 52 91 59 94 85 49 0 74 61 92 93 8 63 61 18 22 69 89 27 0 12 3 50 94 75 27 54 15 
1 84 55 54 75 67 0 12 16 0 38 29 93 84 37 8 45 7 82 14 48 9 66 61 13 17 55 88 96 62 56 97 46 63 51 73 30 51 38 47 4 76 28 97 60 66 57 5 25 39 72 74 48 90 35 13 7 42 54 3 56 62 1 54 25 4 28 56 8 18 55 12 94 83 61 55 1 18 12 27 9 84 1 9 27 36 75 34 30 29 90 87 91 43 41 16 47 21 24 7 
39 79 19 34 63 80 41 16 50 53 43 11 90 44 21 17 32 48 3 15 77 45 2 20 88 43 36 88 17 13 95 56 92 67 42 7 47 35 24 50 41 67 61 83 64 34 0 48 82 55 63 59 1 65 79 41 61 68 81 30 81 29 86 25 96 81 85 95 16 9 45 57 28 7 92 92 41 92 93 24 0 56 35 53 74 67 94 87 87 28 17 20 57 55 45 53 88 30 48 5 
91 46 14 20 53 7 64 94 51 57 70 3 66 58 56 92 25 3 31 12 83 48 32 40 55 29 45 44 12 45 1 3 91 67 23 96 26 40 43 30 97 13 33 15 71 42 7 48 97 90 12 80 38 96 72 46 26 69 42 38 14 43 93 58 62 17 54 89 9 49 71 58 63 56 74 86 50 33 87 47 24 99 79 14 48 51 12 74 72 54 64 39 97 9 97 12 26 3 53 87 
53 24 46 68 80 20 6 31 5 93 30 81 45 10 96 93 13 8 19 38 63 35 77 12 44 26 76 23 81 29 10 86 53 56 54 86 28 13 69 34 58 99 15 3 61 63 48 27 24 19 65 39 54 94 3 51 20 80 74 1 9 36 88 63 45 94 1 73 7 70 59 66 69 27 21 83 42 70 62 66 41 27 5 96 21 9 99 93 89 73 94 98 61 34 13 6 29 14 80 36 
84 91 54 6 18 76 41 61 98 3 79 91 30 85 87 3 46 38 96 87 11 42 85 25 77 51 31 6 17 63 94 2 55 49 60 25 77 1 38 27 4 18 18 86 55 58 41 53 96 37 40 60 79 77 85 8 28 68 14 46 32 61 0 39 62 12 64 39 13 55 18 69 25 88 55 80 98 96 33 47 85 25 7 16 2 44 25 83 64 91 81 96 52 81 87 14 93 4 5 58 
59 75 27 84 64 82 16 14 30 1 61 67 26 20 83 80 16 60 63 81 52 44 29 4 77 17 71 22 21 28 80 80 4 7 16 20 41 84 34 23 85 96 90 63 68 26 43 85 86 59 66 38 55 95 95 33 64 18 55 85 46 36 17 50 95 33 22 37 69 57 60 54 5 3 69 25 29 13 10 15 24 28 6 79 76 53 12 40 71 20 26 69 56 95 20 51 81 94 40 50 
51 53 57 8 56 26 34 37 91 96 4 15 25 62 95 1 15 59 93 38 79 71 8 87 67 80 91 48 74 31 50 26 36 7 86 92 34 20 81 77 17 86 93 94 48 40 95 16 99 40 54 31 12 62 18 79 42 61 79 17 93 29 95 29 89 81 74 75 54 7 52 23 93 45 17 94 37 64 10 89 4 16 20 16 79 90 47 73 52 26 42 97 8 89 78 97 23 4 72 77 
