15 20 
31 47 60 63 1 10 79 8 2 11 37 96 39 45 14 59 79 86 24 59 
78 78 60 38 15 26 41 28 68 37 56 51 85 69 14 38 79 93 47 82 
56 36 30 95 33 45 7 12 31 31 23 61 9 35 0 24 13 93 53 81 
83 61 32 20 30 98 58 10 43 57 44 99 45 74 47 79 19 54 43 2 
85 67 64 46 54 16 71 68 61 76 1 44 37 34 64 68 84 75 30 28 
84 26 27 30 0 26 61 72 80 4 74 17 23 90 64 78 6 87 98 68 
63 99 64 52 85 81 20 70 56 2 98 40 28 77 22 81 56 83 53 36 
40 79 6 15 70 70 93 76 57 43 96 72 43 61 24 80 94 45 50 50 
99 0 42 28 30 65 9 86 0 14 74 92 93 80 8 63 50 53 92 59 
97 40 31 92 53 56 72 47 53 75 49 52 27 92 32 57 9 93 95 9 
7 70 54 1 50 62 16 53 15 60 12 64 53 96 8 6 52 81 6 57 
8 55 9 35 47 94 45 8 87 40 18 95 10 24 48 13 86 16 66 53 
29 30 70 82 26 78 88 30 11 94 87 19 50 49 7 49 43 52 58 82 
44 28 77 55 52 77 20 90 46 38 95 75 20 65 57 99 44 97 29 55 
44 17 27 46 18 34 95 61 38 5 43 82 85 73 89 37 2 9 79 48 
